0.000000000000000000e+00
2.488129752031000433e-06
0.000000000000000000e+00
-7.489289769169697194e-06
0.000000000000000000e+00
1.256604705066629882e-05
0.000000000000000000e+00
-1.777183905101269631e-05
0.000000000000000000e+00
2.316485182683388644e-05
0.000000000000000000e+00
-2.881030385638081554e-05
0.000000000000000000e+00
3.478311944212441974e-05
0.000000000000000000e+00
-4.117108501280661152e-05
0.000000000000000000e+00
4.807850290077905395e-05
0.000000000000000000e+00
-5.563012601109923412e-05
0.000000000000000000e+00
6.397455190196024374e-05
0.000000000000000000e+00
-7.328475744375623354e-05
0.000000000000000000e+00
8.374986549659521032e-05
0.000000000000000000e+00
-9.554390280642067589e-05
0.000000000000000000e+00
1.087526198233424097e-04
0.000000000000000000e+00
-1.214564713057512323e-04
0.000000000000000000e+00
2.341504565804208772e-04
0.000000000000000000e+00
2.415447605947679006e-03
0.000000000000000000e+00
3.113183110485984867e-02
0.000000000000000000e+00
1.696606722577579662e-01
0.000000000000000000e+00
4.227964893831089865e-01
0.000000000000000000e+00
4.775817376511736767e-01
0.000000000000000000e+00
2.451583276221664109e-01
0.000000000000000000e+00
5.709056149544343428e-02
0.000000000000000000e+00
6.030324770186596892e-03
0.000000000000000000e+00
3.149749673625807018e-04
0.000000000000000000e+00
-2.467671572760499961e-05
0.000000000000000000e+00
3.198150140215133612e-05
0.000000000000000000e+00
-2.979292389550331353e-05
0.000000000000000000e+00
2.600349211930826752e-05
0.000000000000000000e+00
-2.133701788979222653e-05
0.000000000000000000e+00
1.622447413329712341e-05
0.000000000000000000e+00
-1.089462255922508295e-05
0.000000000000000000e+00
5.465967374925386325e-06
0.000000000000000000e+00
2.210643838138647850e-16
0.000000000000000000e+00
-5.465967374608504524e-06
0.000000000000000000e+00
1.089462255954685383e-05
0.000000000000000000e+00
-1.622447413382802672e-05
0.000000000000000000e+00
2.133701788906895865e-05
0.000000000000000000e+00
-2.600349211940978611e-05
0.000000000000000000e+00
2.979292389642170731e-05
0.000000000000000000e+00
-3.198150140129392871e-05
0.000000000000000000e+00
2.467671572827699489e-05
0.000000000000000000e+00
-3.149749673620313366e-04
0.000000000000000000e+00
0.000000000000000000e+00
